3007
4675
9076
2795
8015
779
5298
9533
6859
2118
9749
8753
3315
1230
4639
7506
286
2833
3715
3476
8938
3987
6239
8514
3349
1487
5105
7801
7522
5076
5726
152
8045
4359
3378
275
5242
1871
2978
6719
4297
2815
7856
6560
1721
9155
7794
7880
7811
9053
9964
444
2284
5474
2562
2755
5732
2685
4252
3080
2204
1508
3920
5647
4679
9886
7506
1803
380
8829
3510
5613
8401
340
7868
9986
9143
4125
5734
2714
8656
7342
1833
4448
7439
4209
4609
8310
7888
1092
8468
7778
6097
1415
7892
8889
7940
8493
5612
9541
9767
5752
2226
2082
6767
818
377
8436
5705
2503
147
213
4184
2396
5590
7932
1828
4971
7560
5786
8021
1591
1155
1391
8253
1534
7701
5484
8051
2115
5619
2616
4166
3636
1628
1159
3691
3520
423
7416
2509
6512
6272
8038
5837
1520
4874
4181
9224
1433
1389
5455
7114
3417
6461
3740
3150
8972
1638
5549
6225
5822
1288
6996
9480
608
8360
6879
3434
3696
4765
5594
4853
648
9104
8946
4227
9778
882
5743
3673
8327
9336
9114
7118
456
1187
6597
3952
2959
2822
7828
6031
2539
8793
4613
7567
7347
5081
1365
1399
9980
841
8336
4990
2752
9056
1310
677
4366
4813
3450
2230
4604
9307
9997
3828
7991
5923
2148
8605
943
657
7704
4692
7822
5750
3314
8819
8186
3362
9094
9779
2315
8686
4096
1955
8252
2610
7121
4250
7029
1553
2838
7173
8954
6192
5785
4315
5038
9793
2933
3848
7349
2112
142
7031
4133
7698
2373
3054
1015
2977
3859
7771
9619
9464
4388
7899
29
9162
8114
1476
5965
3867
5823
7400
6106
1740
1531
40
1206
9746
9504
9025
3668
9035
7710
4205
6125
3580
9509
1594
6048
9800
1047
1116
8245
2318
3079
1540
1853
4963
5019
5636
661
5775
7351
5584
7468
8988
9863
5893
6368
3079
135
7053
2939
7294
4429
7331
4145
5398
9806
3164
9783
9107
3900
397
3217
8239
135
682
6558
3714
3214
7704
4107
613
8418
9948
3941
4708
7091
2929
6928
129
8794
4158
3780
3200
9198
7169
5345
6766
6895
3474
1287
8593
9231
3345
1350
4601
7988
4914
5170
6106
6275
7396
6126
6933
6630
3364
5352
803
9042
4216
3160
1891
8489
1086
5396
5961
1164
7428
5249
3668
3540
2520
993
6057
4796
7626
8488
8615
9322
4757
7920
8557
728
1192
6754
1460
6481
2674
4792
3315
9271
4315
420
2777
569
3264
8166
4047
5318
4511
3128
9863
2086
3723
2758
5379
6096
4125
3112
5882
4076
8691
9825
1550
6336
749
3657
1321
3991
594
7144
2214
8174
6824
5343
4058
8198
6440
3582
263
9318
849
9738
4009
4531
6343
9766
1139
7581
1121
1493
3277
5414
7908
4664
2282
4646
4634
4
9106
6545
9164
8349
1563
2717
92
5440
6271
8506
6868
8846
331
6252
9392
7077
9930
5081
5107
5141
9902
2436
3860
5983
4181
1054
3070
5599
4057
742
3044
7347
9865
8279
7313
2175
1095
17
2119
4839
5678
1755
8419
9637
1625
126
290
9256
4720
4585
852
288
8668
290
6054
1274
2497
3637
9405
2840
6668
7183
4540
2008
407
5022
8283
3899
6467
3558
2296
7940
7138
4283
981
6927
4310
2305
4010
3872
1593
6628
4147
5052
3290
8577
5979
7908
4635
2260
8626
424
3741
5545
4735
3888
895
4093
5461
7991
4596
5623
4300
2486
9906
3132
9821
1351
2904
9373
3135
3802
6979
4772
1384
4635
2694
2842
5586
5162
1351
3396
7960
3349
4270
5897
260
4358
3527
7994
9606
2538
1296
7858
5389
6632
8125
6041
8050
67
5996
5686
4686
1233
7584
4074
8275
4390
7475
9325
4736
3996
3250
1230
7429
1414
2496
5516
8972
8971
3269
1020
7384
2262
95
9896
7742
5199
9714
279
6551
5672
6719
5513
9895
8423
4807
2875
4585
2509
5932
3374
1433
9410
2128
5289
3281
2544
721
2899
3983
3884
5595
6727
9688
6689
7297
4110
5219
2562
1034
6196
9696
8593
1565
7831
4077
346
1767
5321
5529
1491
4602
6034
3960
2647
5676
8655
5231
375
1031
6596
9641
243
1040
3666
4154
6770
7417
1695
6457
4875
2582
5122
1384
1758
4906
1855
2619
897
338
1353
4027
9007
8971
8540
6356
4208
3957
3338
6807
8501
8984
8319
1444
4285
8517
8222
9955
4243
5434
9145
5185
8911
588
8085
7510
937
2363
2735
7079
7514
4333
7626
2367
5250
5164
2840
3622
6389
1199
2925
6705
9609
3526
7716
4285
2031
1870
2234
3200
7935
6720
8111
3823
3660
6940
2129
7944
5092
4982
3848
3686
1310
6629
1923
511
7925
5555
6963
7859
459
5274
2957
8201
6551
3264
2095
8506
4707
8799
5323
1214
6488
7957
9323
3794
1688
3306
5785
6244
9239
2197
6833
7479
956
8366
8638
1400
4794
4376
3022
114
1201
2222
5423
8985
5372
4207
3956
6402
2385
3690
1556
2710
5360
8704
9486
5765
5890
4437
1488
8333
6414
2920
5885
208
6295
632
3207
650
4747
6909
8856
7093
134
7854
1571
713
4665
4100
7783
5316
7422
7710
8697
2571
9657
2688
8105
5668
9546
8362
7281
7554
7446
2740
4839
8690
5753
7829
1390
8508
1843
9791
8776
1089
2502
1664
5483
6786
4535
5702
8057
7058
1558
8994
7602
4398
6694
6339
2237
3651
2685
8714
2390
3965
7239
5739
9861
9469
8121
1288
1604
3417
6957
210
7981
6383
6245
695
4001
6642
7405
5493
9241
2364
3460
108
470
5585
6499
723
2545
9019
5115
1831
453
6789
819
7403
6685
9494
8291
7396
6374
5060
6337
511
1691
6695
110
6913
8868
4536
4085
8971
2927
5895
9902
3830
9540
3260
7534
8984
9055
9055
231
3634
1667
8738
7134
4861
911
7116
1499
5729
7776
277
1289
8416
4533
4586
5306
8255
2126
6407
4744
3364
8911
4325
2427
357
324
8216
1128
8432
2124
4188
997
3055
3333
9512
4778
5112
3907
5813
6192
3401
4052
5994
3908
5909
5796
